Date,Location,ShortName,LongName,Administered_Daily,Administered_Cumulative,Administered_7_Day_Rolling_Average,Admin_Dose_1_Daily,Admin_Dose_1_Cumulative,Admin_Dose_1_Day_Rolling_Average,Admin_Dose_2_Daily,Admin_Dose_2_Cumulative,Admin_Dose_2_Day_Rolling_Average,date_type,Administered_daily_change_report,Administered_daily_change_report_7dayroll
2020-12-13,US,USA,United States,9368,9368,9368,8292,8292,8292,998,998,998,Admin,,
2020-12-14,US,USA,United States,3529,12897,6449,3411,11703,5852,4,1002,501,Admin,,
2020-12-15,US,USA,United States,48454,61351,20450,45043,56746,18915,18,1020,340,Admin,,
2020-12-16,US,USA,United States,156843,218194,54549,150032,206778,51695,178,1198,300,Admin,,
2020-12-17,US,USA,United States,267842,486036,97207,257173,463951,92790,458,1656,331,Admin,,
2020-12-18,US,USA,United States,404058,890094,148349,393110,857061,142844,465,2121,354,Admin,,
2020-12-19,US,USA,United States,169932,1060026,151432,165467,1022528,146075,645,2766,395,Admin,,
2020-12-20,US,USA,United States,100251,1160277,164416,98257,1120785,158928,334,3100,300,Admin,,
2020-12-21,US,USA,United States,370953,1531230,216905,362938,1483723,210289,631,3731,390,Admin,,
2020-12-22,US,USA,United States,436848,1968078,272390,427985,1911708,264995,1767,5498,640,Admin,,
2020-12-23,US,USA,United States,552485,2520563,328910,540916,2452624,320835,1469,6967,824,Admin,,
2020-12-24,US,USA,United States,189405,2709968,317705,184048,2636672,310389,839,7806,879,Admin,,
2020-12-25,US,USA,United States,11785,2721753,261666,11713,2648385,255903,26,7832,816,Admin,,
2020-12-26,US,USA,United States,134265,2856018,256570,131957,2780342,251116,262,8094,761,Admin,,
2020-12-27,US,USA,United States,90068,2946086,255116,88292,2868634,249693,249,8343,749,Admin,,
2020-12-28,US,USA,United States,559201,3505287,282008,545868,3414502,275826,1956,10299,938,Admin,,
2020-12-29,US,USA,United States,685983,4191270,317599,666060,4080562,309836,2379,12678,1026,Admin,,
2020-12-30,US,USA,United States,802343,4993613,353293,780574,4861136,344073,4606,17284,1474,Admin,,
2020-12-31,US,USA,United States,403269,5396882,383845,392573,5253709,373862,1407,18691,1555,Admin,,
2021-01-01,US,USA,United States,36819,5433701,387421,35613,5289322,377277,587,19278,1635,Admin,,
2021-01-02,US,USA,United States,238655,5672356,402334,232408,5521730,391627,1703,20981,1841,Admin,,
2021-01-03,US,USA,United States,121586,5793942,406837,116022,5637752,395588,1823,22804,2066,Admin,,
2021-01-04,US,USA,United States,607348,6401290,413715,554883,6192635,396876,40439,63243,7563,Admin,,
2021-01-05,US,USA,United States,763593,7164883,424802,672326,6864961,397771,79051,142294,18517,Admin,,
2021-01-06,US,USA,United States,942646,8107529,444845,767587,7632548,395916,159185,301479,40599,Admin,,
2021-01-07,US,USA,United States,1080772,9188301,541631,804982,8437530,454832,258368,559847,77308,Admin,,
2021-01-08,US,USA,United States,1143479,10331780,699726,788514,9226044,562389,336344,896191,125273,Admin,,
2021-01-09,US,USA,United States,467094,10798874,732360,346840,9572884,578736,115257,1011448,141495,Admin,,
2021-01-10,US,USA,United States,227015,11025889,747421,161040,9733924,585167,63904,1075352,150364,Admin,,
2021-01-11,US,USA,United States,986028,12011917,801518,670207,10404131,601642,300248,1375600,187480,Admin,,
2021-01-12,US,USA,United States,1152320,13164237,857051,845031,11249162,626314,291573,1667173,217840,Admin,,
2021-01-13,US,USA,United States,1227021,14391258,897676,961908,12211070,654075,250441,1917614,230876,Admin,,
2021-01-14,US,USA,United States,1216949,15608207,917129,1083349,13294419,693841,121141,2038755,211273,Admin,,
2021-01-15,US,USA,United States,1155615,16763822,918863,1041957,14336376,730047,104459,2143214,178146,Admin,,
2021-01-16,US,USA,United States,598270,17362092,937603,533931,14870307,756775,60664,2203878,170347,Admin,,
2021-01-17,US,USA,United States,274676,17636768,944411,238500,15108807,767840,34830,2238708,166194,Admin,,
2021-01-18,US,USA,United States,787886,18424654,916105,585472,15694279,755735,198909,2437617,151717,Admin,,
2021-01-19,US,USA,United States,1231147,19655801,927366,903068,16597347,764026,315727,2753344,155167,Admin,,
2021-01-20,US,USA,United States,1485641,21141442,964312,1095505,17692852,783112,377854,3131198,173369,Admin,,
2021-01-21,US,USA,United States,1494242,22635684,1003925,1243945,18936797,806054,236065,3367263,189787,Admin,,
2021-01-22,US,USA,United States,1486277,24121961,1051163,1295563,20232360,842283,178356,3545619,200344,Admin,,
2021-01-23,US,USA,United States,830162,24952123,1084290,696319,20928679,865482,125930,3671549,209667,Admin,,
2021-01-24,US,USA,United States,353477,25305600,1095547,278914,21207593,871255,72078,3743627,214988,Admin,,
2021-01-25,US,USA,United States,1229828,26535428,1158682,794228,22001821,901077,425374,4169001,247341,Admin,,
2021-01-26,US,USA,United States,1514986,28050414,1199230,996202,22998023,914382,505065,4674066,274389,Admin,,
2021-01-27,US,USA,United States,1750500,29800914,1237067,1164470,24162493,924234,568828,5242894,301671,Admin,,
2021-01-28,US,USA,United States,1767639,31568553,1276124,1272807,25435300,928358,483147,5726041,336968,Admin,,
2021-01-29,US,USA,United States,1707434,33275987,1307718,1268317,26703617,924465,427842,6153883,372609,Admin,,
2021-01-30,US,USA,United States,915946,34191933,1319973,705858,27409475,925828,203770,6357653,383729,Admin,,
2021-01-31,US,USA,United States,401533,34593466,1326838,299472,27708947,928765,99967,6457620,387713,Admin,,
2021-02-01,US,USA,United States,1155123,35748589,1316166,669217,28378164,910906,476941,6934561,395080,Admin,,
2021-02-02,US,USA,United States,1477131,37225720,1310758,865929,29244093,892296,601707,7536268,408886,Admin,,
2021-02-03,US,USA,United States,1898918,39124638,1331961,1162316,30406409,891988,723356,8259624,430961,Admin,,
2021-02-04,US,USA,United States,2063936,41188574,1374289,1270319,31676728,891633,782320,9041944,473700,Admin,,
2021-02-05,US,USA,United States,2084232,43272806,1428117,1238339,32915067,887350,834669,9876613,531819,Admin,,
2021-02-06,US,USA,United States,1149720,44422526,1461513,772162,33687229,896822,371926,10248539,555841,Admin,,
2021-02-07,US,USA,United States,385866,44808392,1459275,246576,33933805,889265,135141,10383680,560866,Admin,,
2021-02-08,US,USA,United States,1350937,46159329,1487249,750434,34684239,900868,593075,10976755,577456,Admin,,
2021-02-09,US,USA,United States,1679441,47838770,1516150,912011,35596250,907451,759619,11736374,600015,Admin,,
2021-02-10,US,USA,United States,1914131,49752901,1518323,1045022,36641272,890695,862098,12598472,619835,Admin,,
2021-02-11,US,USA,United States,1969344,51722245,1504810,1064794,37706066,861334,897233,13495705,636252,Admin,,
2021-02-12,US,USA,United States,2029971,53752216,1497059,1108454,38814520,842779,913823,14409528,647559,Admin,,
2021-02-13,US,USA,United States,1057646,54809862,1483905,631362,39445882,822665,422378,14831906,654767,Admin,,
2021-02-14,US,USA,United States,306180,55116042,1472521,175487,39621369,812509,130392,14962298,654088,Admin,,
2021-02-15,US,USA,United States,104322,55220364,1294434,49182,39670551,712330,53136,15015434,576954,Admin,,
2021-02-16,US,USA,United States,0,55220364,1054513,0,39670551,582043,0,15015434,468437,Admin,,
2020-12-13,US,USA,United States,,,,,,,,,,Report,0,0
2020-12-14,US,USA,United States,,,,,,,,,,Report,509,255
2020-12-15,US,USA,United States,,,,,,,,,,Report,12129,4213
2020-12-16,US,USA,United States,,,,,,,,,,Report,38996,12909
2020-12-17,US,USA,United States,,,,,,,,,,Report,75708,25468
2020-12-18,US,USA,United States,,,,,,,,,,Report,126800,42357
2020-12-19,US,USA,United States,,,,,,,,,,Report,187508,63093
2020-12-20,US,USA,United States,,,,,,,,,,Report,209853,93072
2020-12-21,US,USA,United States,,,,,,,,,,Report,149957,114422
2020-12-22,US,USA,United States,,,,,,,,,,Report,189722,139792
2020-12-23,US,USA,United States,,,,,,,,,,Report,368173,186817
2020-12-24,US,USA,United States,,,,,,,,,,Report,338436,224350
2020-12-25,US,USA,United States,,,,,,,,,,Report,336145,254256
2020-12-26,US,USA,United States,,,,,,,,,,Report,156478,249823
2020-12-27,US,USA,United States,,,,,,,,,,Report,61992,228700
2020-12-28,US,USA,United States,,,,,,,,,,Report,156220,229595
2020-12-29,US,USA,United States,,,,,,,,,,Report,314677,247446
2020-12-30,US,USA,United States,,,,,,,,,,Report,441549,257928
2020-12-31,US,USA,United States,,,,,,,,,,Report,573278,291477
2021-01-01,US,USA,United States,,,,,,,,,,Report,434528,305532
2021-01-02,US,USA,United States,,,,,,,,,,Report,290402,324664
2021-01-03,US,USA,United States,,,,,,,,,,Report,185279,342276
2021-01-04,US,USA,United States,,,,,,,,,,Report,239472,354169
2021-01-05,US,USA,United States,,,,,,,,,,Report,337114,357375
2021-01-06,US,USA,United States,,,,,,,,,,Report,600055,380018
2021-01-07,US,USA,United States,,,,,,,,,,Report,730700,402507
2021-01-08,US,USA,United States,,,,,,,,,,Report,870465,464784
2021-01-09,US,USA,United States,,,,,,,,,,Report,790484,536224
2021-01-10,US,USA,United States,,,,,,,,,,Report,727095,613626
2021-01-11,US,USA,United States,,,,,,,,,,Report,419440,639336
2021-01-12,US,USA,United States,,,,,,,,,,Report,516858,665014
2021-01-13,US,USA,United States,,,,,,,,,,Report,987485,720361
2021-01-14,US,USA,United States,,,,,,,,,,Report,1093867,772242
2021-01-15,US,USA,United States,,,,,,,,,,Report,956233,784495
2021-01-16,US,USA,United States,,,,,,,,,,Report,1141043,834574
2021-01-17,US,USA,United States,,,,,,,,,,Report,856109,853005
2021-01-18,US,USA,United States,,,,,,,,,,Report,548050,871378
2021-01-19,US,USA,United States,,,,,,,,,,Report,621154,886277
2021-01-20,US,USA,United States,,,,,,,,,,Report,441318,808253
2021-01-21,US,USA,United States,,,,,,,,,,Report,1021093,797857
2021-01-22,US,USA,United States,,,,,,,,,,Report,1561585,884336
2021-01-23,US,USA,United States,,,,,,,,,,Report,1430031,925620
2021-01-24,US,USA,United States,,,,,,,,,,Report,1310665,990557
2021-01-25,US,USA,United States,,,,,,,,,,Report,885588,1038776
2021-01-26,US,USA,United States,,,,,,,,,,Report,806751,1065290
2021-01-27,US,USA,United States,,,,,,,,,,Report,1111640,1161050
2021-01-28,US,USA,United States,,,,,,,,,,Report,1541048,1235330
2021-01-29,US,USA,United States,,,,,,,,,,Report,1690979,1253815
2021-01-30,US,USA,United States,,,,,,,,,,Report,1693241,1291416
2021-01-31,US,USA,United States,,,,,,,,,,Report,1545397,1324949
2021-02-01,US,USA,United States,,,,,,,,,,Report,1099103,1355451
2021-02-02,US,USA,United States,,,,,,,,,,Report,558458,1319981
2021-02-03,US,USA,United States,,,,,,,,,,Report,1097394,1317946
2021-02-04,US,USA,United States,,,,,,,,,,Report,1325456,1287147
2021-02-05,US,USA,United States,,,,,,,,,,Report,1615502,1276364
2021-02-06,US,USA,United States,,,,,,,,,,Report,2218752,1351437
2021-02-07,US,USA,United States,,,,,,,,,,Report,2172973,1441091
2021-02-08,US,USA,United States,,,,,,,,,,Report,1206680,1456459
2021-02-09,US,USA,United States,,,,,,,,,,Report,788573,1489333
2021-02-10,US,USA,United States,,,,,,,,,,Report,1563780,1555959
2021-02-11,US,USA,United States,,,,,,,,,,Report,1620300,1598080
2021-02-12,US,USA,United States,,,,,,,,,,Report,2020288,1655907
2021-02-13,US,USA,United States,,,,,,,,,,Report,2231326,1657703
2021-02-14,US,USA,United States,,,,,,,,,,Report,2242472,1667631
2021-02-15,US,USA,United States,,,,,,,,,,Report,1376214,1691850
2021-02-16,US,USA,United States,,,,,,,,,,Report,959794,1716311
2020-12-13,LTC,LTC,Long Term Care,219,219,219,219,219,219,0,0,0,Admin,,
2020-12-14,LTC,LTC,Long Term Care,0,219,110,0,219,110,0,0,0,Admin,,
2020-12-15,LTC,LTC,Long Term Care,0,219,73,0,219,73,0,0,0,Admin,,
2020-12-16,LTC,LTC,Long Term Care,0,219,55,0,219,55,0,0,0,Admin,,
2020-12-17,LTC,LTC,Long Term Care,5,224,45,5,224,45,0,0,0,Admin,,
2020-12-18,LTC,LTC,Long Term Care,1517,1741,290,1318,1542,257,0,0,0,Admin,,
2020-12-19,LTC,LTC,Long Term Care,323,2064,295,323,1865,266,0,0,0,Admin,,
2020-12-20,LTC,LTC,Long Term Care,211,2275,294,211,2076,265,0,0,0,Admin,,
2020-12-21,LTC,LTC,Long Term Care,14146,16421,2315,13983,16059,2263,0,0,0,Admin,,
2020-12-22,LTC,LTC,Long Term Care,16769,33190,4710,16547,32606,4627,9,9,1,Admin,,
2020-12-23,LTC,LTC,Long Term Care,22694,55884,7952,20125,52731,7502,13,22,3,Admin,,
2020-12-24,LTC,LTC,Long Term Care,2042,57926,8243,2026,54757,7790,16,38,5,Admin,,
2020-12-25,LTC,LTC,Long Term Care,115,58041,8043,115,54872,7619,0,38,5,Admin,,
2020-12-26,LTC,LTC,Long Term Care,9312,67353,9327,9188,64060,8885,13,51,7,Admin,,
2020-12-27,LTC,LTC,Long Term Care,8922,76275,10571,8798,72858,10112,8,59,8,Admin,,
2020-12-28,LTC,LTC,Long Term Care,59075,135350,16990,58482,131340,16469,20,79,11,Admin,,
2020-12-29,LTC,LTC,Long Term Care,79103,214453,25895,77994,209334,25247,73,152,20,Admin,,
2020-12-30,LTC,LTC,Long Term Care,77126,291579,33671,76045,285379,33235,247,399,54,Admin,,
2020-12-31,LTC,LTC,Long Term Care,16131,307710,35683,16054,301433,35239,70,469,62,Admin,,
2021-01-01,LTC,LTC,Long Term Care,1591,309301,35894,1587,303020,35450,4,473,62,Admin,,
2021-01-02,LTC,LTC,Long Term Care,46025,355326,41139,45372,348392,40619,38,511,66,Admin,,
2021-01-03,LTC,LTC,Long Term Care,32362,387688,44488,31689,380081,43889,57,568,73,Admin,,
2021-01-04,LTC,LTC,Long Term Care,85425,473113,48252,84551,464632,47613,58,626,78,Admin,,
2021-01-05,LTC,LTC,Long Term Care,96381,569494,50720,95800,560432,50157,100,726,82,Admin,,
2021-01-06,LTC,LTC,Long Term Care,94576,664070,53213,93701,654133,52679,173,899,71,Admin,,
2021-01-07,LTC,LTC,Long Term Care,122737,786807,68442,121581,775714,67754,336,1235,109,Admin,,
2021-01-08,LTC,LTC,Long Term Care,113531,900338,84434,111502,887216,83457,1247,2482,287,Admin,,
2021-01-09,LTC,LTC,Long Term Care,50406,950744,85060,49516,936732,84049,336,2818,330,Admin,,
2021-01-10,LTC,LTC,Long Term Care,35438,986182,85499,34973,971705,84518,283,3101,362,Admin,,
2021-01-11,LTC,LTC,Long Term Care,143046,1129228,93731,130825,1102530,91128,11353,14454,1975,Admin,,
2021-01-12,LTC,LTC,Long Term Care,156121,1285349,102265,141846,1244376,97706,13367,27821,3871,Admin,,
2021-01-13,LTC,LTC,Long Term Care,159502,1444851,111540,142926,1387302,104738,15736,43557,6094,Admin,,
2021-01-14,LTC,LTC,Long Term Care,141013,1585864,114151,137423,1524725,107002,2981,46538,6472,Admin,,
2021-01-15,LTC,LTC,Long Term Care,112425,1698289,113993,110050,1634775,106794,1460,47998,6502,Admin,,
2021-01-16,LTC,LTC,Long Term Care,64093,1762382,115948,56449,1691224,107785,6994,54992,7453,Admin,,
2021-01-17,LTC,LTC,Long Term Care,48877,1811259,117868,43017,1734241,108934,5629,60621,8217,Admin,,
2021-01-18,LTC,LTC,Long Term Care,169723,1980982,121679,129034,1863275,108678,40139,100760,12329,Admin,,
2021-01-19,LTC,LTC,Long Term Care,179857,2160839,125070,131901,1995176,107257,47308,148068,17178,Admin,,
2021-01-20,LTC,LTC,Long Term Care,190227,2351066,129459,146475,2141651,107764,43137,191205,21093,Admin,,
2021-01-21,LTC,LTC,Long Term Care,143393,2494459,129799,132154,2273805,107011,10881,202086,22221,Admin,,
2021-01-22,LTC,LTC,Long Term Care,125958,2620417,131733,121199,2395004,108604,4445,206531,22648,Admin,,
2021-01-23,LTC,LTC,Long Term Care,95954,2716371,136284,67848,2462852,110233,27751,234282,25613,Admin,,
2021-01-24,LTC,LTC,Long Term Care,62390,2778761,138215,43012,2505864,110232,19183,253465,27549,Admin,,
2021-01-25,LTC,LTC,Long Term Care,183150,2961911,140133,125668,2631532,109751,56968,310433,29953,Admin,,
2021-01-26,LTC,LTC,Long Term Care,203135,3165046,143458,133243,2764775,109943,69514,379947,33126,Admin,,
2021-01-27,LTC,LTC,Long Term Care,210478,3375524,146351,140061,2904836,109026,70006,449953,36964,Admin,,
2021-01-28,LTC,LTC,Long Term Care,189207,3564731,152896,117895,3022731,106989,70943,520896,45544,Admin,,
2021-01-29,LTC,LTC,Long Term Care,176482,3741213,160114,113697,3136428,105918,62491,583387,53837,Admin,,
2021-01-30,LTC,LTC,Long Term Care,94998,3836211,159977,60586,3197014,104880,34217,617604,54760,Admin,,
2021-01-31,LTC,LTC,Long Term Care,66410,3902621,160551,42314,3239328,104781,23957,641561,55442,Admin,,
2021-02-01,LTC,LTC,Long Term Care,172140,4074761,158979,87920,3327248,99388,83814,725375,59277,Admin,,
2021-02-02,LTC,LTC,Long Term Care,186371,4261132,156584,95852,3423100,94046,89531,814906,62137,Admin,,
2021-02-03,LTC,LTC,Long Term Care,196637,4457769,154606,100333,3523433,88371,95727,910633,65811,Admin,,
2021-02-04,LTC,LTC,Long Term Care,200300,4658069,156191,98642,3622075,85621,101227,1011860,70138,Admin,,
2021-02-05,LTC,LTC,Long Term Care,205115,4863184,160282,109470,3731545,85017,95250,1107110,74818,Admin,,
2021-02-06,LTC,LTC,Long Term Care,108019,4971203,162142,59718,3791263,84893,48035,1155145,76792,Admin,,
2021-02-07,LTC,LTC,Long Term Care,63299,5034502,161697,29519,3820782,83065,33643,1188788,78175,Admin,,
2021-02-08,LTC,LTC,Long Term Care,158758,5193260,159786,72896,3893678,80919,85303,1274091,78388,Admin,,
2021-02-09,LTC,LTC,Long Term Care,165958,5359218,156869,73681,3967359,77751,91549,1365640,78676,Admin,,
2021-02-10,LTC,LTC,Long Term Care,158098,5517316,151364,59448,4026807,71911,97867,1463507,78982,Admin,,
2021-02-11,LTC,LTC,Long Term Care,154370,5671686,144802,60754,4087561,66498,93175,1556682,77832,Admin,,
2021-02-12,LTC,LTC,Long Term Care,158856,5830542,138194,75634,4163195,61664,82953,1639635,76075,Admin,,
2021-02-13,LTC,LTC,Long Term Care,82655,5913197,134571,41468,4204663,59057,40784,1680419,75039,Admin,,
2021-02-14,LTC,LTC,Long Term Care,47609,5960806,132329,22019,4226682,57986,25444,1705863,73868,Admin,,
2021-02-15,LTC,LTC,Long Term Care,7736,5968542,110755,1691,4228373,47814,5983,1711846,62536,Admin,,
2021-02-16,LTC,LTC,Long Term Care,0,5968542,87046,0,4228373,37288,0,1711846,49458,Admin,,
